     0.980,     0.010,     0.200
     0.979,     0.025,     0.201
     0.978,     0.040,     0.202
     0.976,     0.056,     0.203
     0.975,     0.071,     0.203
     0.973,     0.086,     0.204
     0.971,     0.101,     0.205
     0.968,     0.117,     0.206
     0.965,     0.132,     0.207
     0.963,     0.147,     0.208
     0.959,     0.162,     0.209
     0.956,     0.176,     0.210
     0.953,     0.191,     0.210
     0.949,     0.206,     0.211
     0.945,     0.221,     0.212
     0.940,     0.235,     0.213
     0.936,     0.250,     0.214
     0.931,     0.264,     0.215
     0.926,     0.279,     0.216
     0.921,     0.293,     0.216
     0.916,     0.307,     0.217
     0.910,     0.321,     0.218
     0.904,     0.335,     0.219
     0.898,     0.349,     0.220
     0.892,     0.363,     0.221
     0.886,     0.377,     0.222
     0.879,     0.390,     0.223
     0.872,     0.404,     0.223
     0.865,     0.417,     0.224
     0.858,     0.430,     0.225
     0.850,     0.443,     0.226
     0.843,     0.456,     0.227
     0.835,     0.469,     0.228
     0.827,     0.482,     0.229
     0.819,     0.494,     0.229
     0.810,     0.507,     0.230
     0.801,     0.519,     0.231
     0.793,     0.531,     0.232
     0.784,     0.543,     0.233
     0.774,     0.555,     0.234
     0.765,     0.566,     0.235
     0.756,     0.578,     0.236
     0.746,     0.589,     0.236
     0.736,     0.600,     0.237
     0.726,     0.611,     0.238
     0.716,     0.622,     0.239
     0.705,     0.633,     0.240
     0.695,     0.644,     0.241
     0.684,     0.654,     0.242
     0.673,     0.664,     0.243
     0.662,     0.674,     0.243
     0.651,     0.684,     0.244
     0.640,     0.693,     0.245
     0.628,     0.703,     0.246
     0.617,     0.712,     0.247
     0.605,     0.721,     0.248
     0.593,     0.730,     0.249
     0.581,     0.739,     0.249
     0.569,     0.747,     0.250
     0.557,     0.755,     0.251
     0.545,     0.763,     0.252
     0.532,     0.771,     0.253
     0.520,     0.779,     0.254
     0.507,     0.786,     0.255
     0.494,     0.794,     0.256
     0.482,     0.801,     0.256
     0.469,     0.808,     0.257
     0.455,     0.814,     0.258
     0.442,     0.821,     0.259
     0.429,     0.827,     0.260
     0.416,     0.833,     0.261
     0.402,     0.839,     0.262
     0.389,     0.844,     0.262
     0.375,     0.850,     0.263
     0.362,     0.855,     0.264
     0.348,     0.860,     0.265
     0.334,     0.864,     0.266
     0.320,     0.869,     0.267
     0.306,     0.873,     0.268
     0.292,     0.877,     0.269
     0.278,     0.881,     0.269
     0.264,     0.884,     0.270
     0.250,     0.888,     0.271
     0.236,     0.891,     0.272
     0.222,     0.894,     0.273
     0.208,     0.897,     0.274
     0.194,     0.899,     0.275
     0.179,     0.901,     0.275
     0.165,     0.903,     0.276
     0.151,     0.905,     0.277
     0.136,     0.907,     0.278
     0.122,     0.908,     0.279
     0.108,     0.909,     0.280
     0.093,     0.910,     0.281
     0.079,     0.911,     0.282
     0.065,     0.911,     0.282
     0.050,     0.911,     0.283
     0.036,     0.911,     0.284
     0.022,     0.911,     0.285
     0.007,     0.910,     0.286
    -0.007,     0.910,     0.287
    -0.021,     0.909,     0.288
    -0.035,     0.908,     0.288
    -0.049,     0.906,     0.289
    -0.064,     0.905,     0.290
    -0.078,     0.903,     0.291
    -0.092,     0.901,     0.292
    -0.106,     0.899,     0.293
    -0.120,     0.896,     0.294
    -0.134,     0.894,     0.295
    -0.148,     0.891,     0.295
    -0.162,     0.888,     0.296
    -0.175,     0.884,     0.297
    -0.189,     0.881,     0.298
    -0.203,     0.877,     0.299
    -0.216,     0.873,     0.300
    -0.230,     0.869,     0.301
    -0.243,     0.864,     0.302
    -0.256,     0.860,     0.302
    -0.270,     0.855,     0.303
    -0.283,     0.850,     0.304
    -0.296,     0.845,     0.305
    -0.309,     0.839,     0.306
    -0.322,     0.834,     0.307
    -0.334,     0.828,     0.308
    -0.347,     0.822,     0.308
    -0.360,     0.816,     0.309
    -0.372,     0.809,     0.310
    -0.384,     0.803,     0.311
    -0.397,     0.796,     0.312
    -0.409,     0.789,     0.313
    -0.421,     0.782,     0.314
    -0.433,     0.775,     0.315
    -0.444,     0.767,     0.315
    -0.456,     0.760,     0.316
    -0.468,     0.752,     0.317
    -0.479,     0.744,     0.318
    -0.490,     0.736,     0.319
    -0.501,     0.727,     0.320
    -0.512,     0.719,     0.321
    -0.523,     0.710,     0.321
    -0.534,     0.701,     0.322
    -0.544,     0.692,     0.323
    -0.554,     0.683,     0.324
    -0.565,     0.674,     0.325
    -0.575,     0.664,     0.326
    -0.584,     0.655,     0.327
    -0.594,     0.645,     0.328
    -0.604,     0.635,     0.328
    -0.613,     0.625,     0.329
    -0.622,     0.615,     0.330
    -0.631,     0.604,     0.331
    -0.640,     0.594,     0.332
    -0.649,     0.583,     0.333
    -0.658,     0.573,     0.334
    -0.666,     0.562,     0.334
    -0.674,     0.551,     0.335
    -0.682,     0.540,     0.336
    -0.690,     0.529,     0.337
    -0.698,     0.517,     0.338
    -0.705,     0.506,     0.339
    -0.712,     0.494,     0.340
    -0.719,     0.483,     0.341
    -0.726,     0.471,     0.341
    -0.733,     0.459,     0.342
    -0.740,     0.447,     0.343
    -0.746,     0.435,     0.344
    -0.752,     0.423,     0.345
    -0.758,     0.411,     0.346
    -0.764,     0.399,     0.347
    -0.769,     0.386,     0.347
    -0.774,     0.374,     0.348
    -0.780,     0.361,     0.349
    -0.785,     0.349,     0.350
    -0.789,     0.336,     0.351
    -0.794,     0.324,     0.352
    -0.798,     0.311,     0.353
    -0.802,     0.298,     0.354
    -0.806,     0.285,     0.354
    -0.810,     0.272,     0.355
    -0.813,     0.259,     0.356
    -0.817,     0.246,     0.357
    -0.820,     0.233,     0.358
    -0.823,     0.220,     0.359
    -0.825,     0.207,     0.360
    -0.828,     0.194,     0.361
    -0.830,     0.181,     0.361
    -0.832,     0.168,     0.362
    -0.834,     0.154,     0.363
    -0.836,     0.141,     0.364
    -0.837,     0.128,     0.365
    -0.838,     0.115,     0.366
    -0.839,     0.102,     0.367
    -0.840,     0.088,     0.367
    -0.841,     0.075,     0.368
    -0.841,     0.062,     0.369
    -0.841,     0.049,     0.370
    -0.841,     0.035,     0.371
    -0.841,     0.022,     0.372
    -0.840,     0.009,     0.373
    -0.840,    -0.004,     0.374
    -0.839,    -0.017,     0.374
    -0.838,    -0.030,     0.375
    -0.836,    -0.044,     0.376
    -0.835,    -0.057,     0.377
    -0.833,    -0.070,     0.378
    -0.831,    -0.083,     0.379
    -0.829,    -0.096,     0.380
    -0.827,    -0.109,     0.380
    -0.824,    -0.121,     0.381
    -0.822,    -0.134,     0.382
    -0.819,    -0.147,     0.383
    -0.816,    -0.160,     0.384
    -0.812,    -0.172,     0.385
    -0.809,    -0.185,     0.386
    -0.805,    -0.197,     0.387
    -0.801,    -0.210,     0.387
    -0.797,    -0.222,     0.388
    -0.793,    -0.234,     0.389
    -0.789,    -0.247,     0.390
    -0.784,    -0.259,     0.391
    -0.779,    -0.271,     0.392
    -0.774,    -0.283,     0.393
    -0.769,    -0.294,     0.393
    -0.764,    -0.306,     0.394
    -0.758,    -0.318,     0.395
    -0.752,    -0.329,     0.396
    -0.747,    -0.341,     0.397
    -0.740,    -0.352,     0.398
    -0.734,    -0.364,     0.399
    -0.728,    -0.375,     0.400
    -0.721,    -0.386,     0.400
    -0.714,    -0.397,     0.401
    -0.708,    -0.407,     0.402
    -0.700,    -0.418,     0.403
    -0.693,    -0.429,     0.404
    -0.686,    -0.439,     0.405
    -0.678,    -0.449,     0.406
    -0.671,    -0.460,     0.406
    -0.663,    -0.470,     0.407
    -0.655,    -0.480,     0.408
    -0.647,    -0.489,     0.409
    -0.638,    -0.499,     0.410
    -0.630,    -0.509,     0.411
    -0.621,    -0.518,     0.412
    -0.612,    -0.527,     0.413
    -0.604,    -0.536,     0.413
    -0.595,    -0.545,     0.414
    -0.585,    -0.554,     0.415
    -0.576,    -0.563,     0.416
    -0.567,    -0.571,     0.417
    -0.557,    -0.579,     0.418
    -0.548,    -0.588,     0.419
    -0.538,    -0.596,     0.420
    -0.528,    -0.603,     0.420
    -0.518,    -0.611,     0.421
    -0.508,    -0.619,     0.422
    -0.498,    -0.626,     0.423
    -0.487,    -0.633,     0.424
    -0.477,    -0.640,     0.425
    -0.467,    -0.647,     0.426
    -0.456,    -0.654,     0.426
    -0.445,    -0.660,     0.427
    -0.434,    -0.666,     0.428
    -0.424,    -0.672,     0.429
    -0.413,    -0.678,     0.430
    -0.402,    -0.684,     0.431
    -0.390,    -0.690,     0.432
    -0.379,    -0.695,     0.433
    -0.368,    -0.700,     0.433
    -0.357,    -0.706,     0.434
    -0.345,    -0.710,     0.435
    -0.334,    -0.715,     0.436
    -0.322,    -0.720,     0.437
    -0.311,    -0.724,     0.438
    -0.299,    -0.728,     0.439
    -0.287,    -0.732,     0.439
    -0.275,    -0.736,     0.440
    -0.264,    -0.739,     0.441
    -0.252,    -0.743,     0.442
    -0.240,    -0.746,     0.443
    -0.228,    -0.749,     0.444
    -0.216,    -0.752,     0.445
    -0.204,    -0.754,     0.446
    -0.192,    -0.757,     0.446
    -0.180,    -0.759,     0.447
    -0.168,    -0.761,     0.448
    -0.156,    -0.763,     0.449
    -0.144,    -0.765,     0.450
    -0.131,    -0.766,     0.451
    -0.119,    -0.767,     0.452
    -0.107,    -0.768,     0.452
    -0.095,    -0.769,     0.453
    -0.083,    -0.770,     0.454
    -0.071,    -0.770,     0.455
    -0.059,    -0.771,     0.456
    -0.046,    -0.771,     0.457
    -0.034,    -0.771,     0.458
    -0.022,    -0.771,     0.459
    -0.010,    -0.770,     0.459
     0.002,    -0.769,     0.460
     0.014,    -0.769,     0.461
     0.026,    -0.768,     0.462
     0.038,    -0.766,     0.463
     0.050,    -0.765,     0.464
     0.062,    -0.763,     0.465
     0.074,    -0.762,     0.465
     0.086,    -0.760,     0.466
     0.097,    -0.758,     0.467
     0.109,    -0.755,     0.468
     0.121,    -0.753,     0.469
     0.133,    -0.750,     0.470
     0.144,    -0.747,     0.471
     0.156,    -0.744,     0.472
     0.167,    -0.741,     0.472
     0.179,    -0.738,     0.473
     0.190,    -0.734,     0.474
     0.201,    -0.730,     0.475
     0.213,    -0.726,     0.476
     0.224,    -0.722,     0.477
     0.235,    -0.718,     0.478
     0.246,    -0.714,     0.479
     0.257,    -0.709,     0.479
     0.268,    -0.704,     0.480
     0.278,    -0.699,     0.481
     0.289,    -0.694,     0.482
     0.300,    -0.689,     0.483
     0.310,    -0.683,     0.484
     0.320,    -0.678,     0.485
     0.331,    -0.672,     0.485
     0.341,    -0.666,     0.486
     0.351,    -0.660,     0.487
     0.361,    -0.654,     0.488
     0.371,    -0.648,     0.489
     0.381,    -0.641,     0.490
     0.390,    -0.635,     0.491
     0.400,    -0.628,     0.492
     0.409,    -0.621,     0.492
     0.418,    -0.614,     0.493
     0.428,    -0.607,     0.494
     0.437,    -0.599,     0.495
     0.446,    -0.592,     0.496
     0.454,    -0.584,     0.497
     0.463,    -0.576,     0.498
     0.472,    -0.568,     0.498
     0.480,    -0.560,     0.499
     0.488,    -0.552,     0.500
     0.496,    -0.544,     0.501
     0.504,    -0.536,     0.502
     0.512,    -0.527,     0.503
     0.520,    -0.519,     0.504
     0.528,    -0.510,     0.505
     0.535,    -0.501,     0.505
     0.542,    -0.492,     0.506
     0.549,    -0.483,     0.507
     0.556,    -0.474,     0.508
     0.563,    -0.465,     0.509
     0.570,    -0.455,     0.510
     0.576,    -0.446,     0.511
     0.583,    -0.437,     0.511
     0.589,    -0.427,     0.512
     0.595,    -0.417,     0.513
     0.601,    -0.407,     0.514
     0.607,    -0.398,     0.515
     0.612,    -0.388,     0.516
     0.618,    -0.378,     0.517
     0.623,    -0.368,     0.518
     0.628,    -0.357,     0.518
     0.633,    -0.347,     0.519
     0.638,    -0.337,     0.520
     0.642,    -0.327,     0.521
     0.646,    -0.316,     0.522
     0.651,    -0.306,     0.523
     0.655,    -0.295,     0.524
     0.659,    -0.285,     0.524
     0.662,    -0.274,     0.525
     0.666,    -0.263,     0.526
     0.669,    -0.253,     0.527
     0.673,    -0.242,     0.528
     0.676,    -0.231,     0.529
     0.679,    -0.220,     0.530
     0.681,    -0.209,     0.531
     0.684,    -0.198,     0.531
     0.686,    -0.187,     0.532
     0.688,    -0.176,     0.533
     0.690,    -0.165,     0.534
     0.692,    -0.154,     0.535
     0.694,    -0.143,     0.536
     0.695,    -0.132,     0.537
     0.697,    -0.121,     0.538
     0.698,    -0.110,     0.538
     0.699,    -0.099,     0.539
     0.699,    -0.088,     0.540
     0.700,    -0.077,     0.541
     0.700,    -0.066,     0.542
     0.701,    -0.055,     0.543
     0.701,    -0.044,     0.544
     0.701,    -0.033,     0.544
     0.700,    -0.022,     0.545
     0.700,    -0.011,     0.546
     0.700,     0.007,     0.547
     0.699,     0.022,     0.548
     0.698,     0.036,     0.549
     0.696,     0.051,     0.550
     0.694,     0.065,     0.551
     0.692,     0.080,     0.551
     0.690,     0.094,     0.552
     0.687,     0.108,     0.553
     0.684,     0.123,     0.554
     0.680,     0.137,     0.555
     0.677,     0.151,     0.556
     0.673,     0.165,     0.557
     0.669,     0.179,     0.557
     0.664,     0.192,     0.558
     0.659,     0.206,     0.559
     0.654,     0.219,     0.560
     0.649,     0.233,     0.561
     0.643,     0.246,     0.562
     0.637,     0.259,     0.563
     0.631,     0.272,     0.564
     0.625,     0.285,     0.564
     0.618,     0.298,     0.565
     0.611,     0.310,     0.566
     0.604,     0.323,     0.567
     0.596,     0.335,     0.568
     0.589,     0.347,     0.569
     0.581,     0.359,     0.570
     0.572,     0.371,     0.570
     0.564,     0.382,     0.571
     0.555,     0.393,     0.572
     0.546,     0.405,     0.573
     0.537,     0.416,     0.574
     0.528,     0.426,     0.575
     0.518,     0.437,     0.576
     0.509,     0.447,     0.577
     0.499,     0.457,     0.577
     0.489,     0.467,     0.578
     0.478,     0.477,     0.579
     0.468,     0.486,     0.580
     0.457,     0.495,     0.581
     0.446,     0.504,     0.582
     0.435,     0.513,     0.583
     0.424,     0.521,     0.583
     0.412,     0.530,     0.584
     0.401,     0.538,     0.585
     0.389,     0.545,     0.586
     0.377,     0.553,     0.587
     0.365,     0.560,     0.588
     0.353,     0.567,     0.589
     0.341,     0.574,     0.590
     0.328,     0.580,     0.590
     0.316,     0.586,     0.591
     0.303,     0.592,     0.592
     0.291,     0.598,     0.593
     0.278,     0.603,     0.594
     0.265,     0.608,     0.595
     0.252,     0.613,     0.596
     0.239,     0.617,     0.597
     0.225,     0.622,     0.597
     0.212,     0.626,     0.598
     0.199,     0.629,     0.599
     0.185,     0.633,     0.600
     0.172,     0.636,     0.601
     0.159,     0.638,     0.602
     0.145,     0.641,     0.603
     0.131,     0.643,     0.603
     0.118,     0.645,     0.604
     0.104,     0.647,     0.605
     0.091,     0.648,     0.606
     0.077,     0.649,     0.607
     0.063,     0.650,     0.608
     0.050,     0.651,     0.609
     0.036,     0.651,     0.610
     0.022,     0.651,     0.610
     0.009,     0.650,     0.611
    -0.005,     0.650,     0.612
    -0.018,     0.649,     0.613
    -0.032,     0.648,     0.614
    -0.045,     0.646,     0.615
    -0.059,     0.644,     0.616
    -0.072,     0.642,     0.616
    -0.086,     0.640,     0.617
    -0.099,     0.638,     0.618
    -0.112,     0.635,     0.619
    -0.125,     0.632,     0.620
    -0.138,     0.628,     0.621
    -0.151,     0.624,     0.622
    -0.164,     0.620,     0.623
    -0.177,     0.616,     0.623
    -0.189,     0.612,     0.624
    -0.202,     0.607,     0.625
    -0.214,     0.602,     0.626
    -0.227,     0.597,     0.627
    -0.239,     0.591,     0.628
    -0.251,     0.586,     0.629
    -0.263,     0.580,     0.629
    -0.275,     0.573,     0.630
    -0.286,     0.567,     0.631
    -0.298,     0.560,     0.632
    -0.309,     0.553,     0.633
    -0.320,     0.546,     0.634
    -0.331,     0.539,     0.635
    -0.342,     0.531,     0.636
    -0.353,     0.523,     0.636
    -0.363,     0.515,     0.637
    -0.373,     0.507,     0.638
    -0.384,     0.499,     0.639
    -0.394,     0.490,     0.640
    -0.403,     0.481,     0.641
    -0.413,     0.472,     0.642
    -0.422,     0.463,     0.642
    -0.431,     0.453,     0.643
    -0.440,     0.444,     0.644
    -0.449,     0.434,     0.645
    -0.457,     0.424,     0.646
    -0.466,     0.414,     0.647
    -0.474,     0.404,     0.648
    -0.481,     0.393,     0.649
    -0.489,     0.383,     0.649
    -0.496,     0.372,     0.650
    -0.504,     0.361,     0.651
    -0.510,     0.350,     0.652
    -0.517,     0.339,     0.653
    -0.524,     0.328,     0.654
    -0.530,     0.317,     0.655
    -0.536,     0.305,     0.656
    -0.541,     0.293,     0.656
    -0.547,     0.282,     0.657
    -0.552,     0.270,     0.658
    -0.557,     0.258,     0.659
    -0.561,     0.246,     0.660
    -0.566,     0.234,     0.661
    -0.570,     0.222,     0.662
    -0.574,     0.210,     0.662
    -0.578,     0.198,     0.663
    -0.581,     0.185,     0.664
    -0.584,     0.173,     0.665
    -0.587,     0.160,     0.666
    -0.589,     0.148,     0.667
    -0.592,     0.135,     0.668
    -0.594,     0.123,     0.669
    -0.596,     0.110,     0.669
    -0.597,     0.098,     0.670
    -0.598,     0.085,     0.671
    -0.599,     0.073,     0.672
    -0.600,     0.060,     0.673
    -0.600,     0.047,     0.674
    -0.601,     0.035,     0.675
    -0.601,     0.022,     0.675
    -0.600,     0.010,     0.676
    -0.600,    -0.003,     0.677
    -0.599,    -0.016,     0.678
    -0.598,    -0.028,     0.679
    -0.596,    -0.040,     0.680
    -0.595,    -0.053,     0.681
    -0.593,    -0.065,     0.682
    -0.591,    -0.077,     0.682
    -0.588,    -0.090,     0.683
    -0.586,    -0.102,     0.684
    -0.583,    -0.114,     0.685
    -0.579,    -0.126,     0.686
    -0.576,    -0.138,     0.687
    -0.572,    -0.150,     0.688
    -0.568,    -0.162,     0.688
    -0.564,    -0.173,     0.689
    -0.560,    -0.185,     0.690
    -0.555,    -0.196,     0.691
    -0.550,    -0.208,     0.692
    -0.545,    -0.219,     0.693
    -0.540,    -0.230,     0.694
    -0.535,    -0.241,     0.695
    -0.529,    -0.252,     0.695
    -0.523,    -0.262,     0.696
    -0.517,    -0.273,     0.697
    -0.510,    -0.283,     0.698
    -0.504,    -0.294,     0.699
    -0.497,    -0.304,     0.700
    -0.490,    -0.314,     0.701
    -0.483,    -0.323,     0.701
    -0.475,    -0.333,     0.702
    -0.468,    -0.343,     0.703
    -0.460,    -0.352,     0.704
    -0.452,    -0.361,     0.705
    -0.444,    -0.370,     0.706
    -0.435,    -0.379,     0.707
    -0.427,    -0.387,     0.708
    -0.418,    -0.396,     0.708
    -0.409,    -0.404,     0.709
    -0.400,    -0.412,     0.710
    -0.391,    -0.420,     0.711
    -0.382,    -0.427,     0.712
    -0.372,    -0.435,     0.713
    -0.363,    -0.442,     0.714
    -0.353,    -0.449,     0.715
    -0.343,    -0.455,     0.715
    -0.333,    -0.462,     0.716
    -0.323,    -0.468,     0.717
    -0.313,    -0.474,     0.718
    -0.302,    -0.480,     0.719
    -0.292,    -0.486,     0.720
    -0.281,    -0.491,     0.721
    -0.271,    -0.496,     0.721
    -0.260,    -0.501,     0.722
    -0.249,    -0.506,     0.723
    -0.238,    -0.511,     0.724
    -0.227,    -0.515,     0.725
    -0.216,    -0.519,     0.726
    -0.205,    -0.523,     0.727
    -0.194,    -0.526,     0.728
    -0.183,    -0.530,     0.728
    -0.171,    -0.533,     0.729
    -0.160,    -0.535,     0.730
    -0.149,    -0.538,     0.731
    -0.137,    -0.540,     0.732
    -0.126,    -0.543,     0.733
    -0.114,    -0.544,     0.734
    -0.103,    -0.546,     0.734
    -0.091,    -0.547,     0.735
    -0.079,    -0.548,     0.736
    -0.068,    -0.549,     0.737
    -0.056,    -0.550,     0.738
    -0.045,    -0.550,     0.739
    -0.033,    -0.551,     0.740
    -0.022,    -0.550,     0.741
    -0.010,    -0.550,     0.741
     0.001,    -0.549,     0.742
     0.013,    -0.549,     0.743
     0.024,    -0.548,     0.744
     0.036,    -0.546,     0.745
     0.047,    -0.545,     0.746
     0.058,    -0.543,     0.747
     0.070,    -0.541,     0.747
     0.081,    -0.539,     0.748
     0.092,    -0.536,     0.749
     0.103,    -0.534,     0.750
     0.114,    -0.531,     0.751
     0.125,    -0.528,     0.752
     0.136,    -0.524,     0.753
     0.147,    -0.521,     0.754
     0.157,    -0.517,     0.754
     0.168,    -0.513,     0.755
     0.178,    -0.508,     0.756
     0.189,    -0.504,     0.757
     0.199,    -0.499,     0.758
     0.209,    -0.494,     0.759
     0.219,    -0.489,     0.760
     0.229,    -0.484,     0.760
     0.239,    -0.479,     0.761
     0.248,    -0.473,     0.762
     0.258,    -0.467,     0.763
     0.267,    -0.461,     0.764
     0.276,    -0.455,     0.765
     0.285,    -0.448,     0.766
     0.294,    -0.442,     0.767
     0.303,    -0.435,     0.767
     0.312,    -0.428,     0.768
     0.320,    -0.421,     0.769
     0.329,    -0.413,     0.770
     0.337,    -0.406,     0.771
     0.345,    -0.398,     0.772
     0.353,    -0.390,     0.773
     0.360,    -0.383,     0.774
     0.368,    -0.374,     0.774
     0.375,    -0.366,     0.775
     0.382,    -0.358,     0.776
     0.389,    -0.349,     0.777
     0.396,    -0.341,     0.778
     0.402,    -0.332,     0.779
     0.408,    -0.323,     0.780
     0.415,    -0.314,     0.780
     0.421,    -0.305,     0.781
     0.426,    -0.296,     0.782
     0.432,    -0.286,     0.783
     0.437,    -0.277,     0.784
     0.442,    -0.267,     0.785
     0.447,    -0.258,     0.786
     0.452,    -0.248,     0.787
     0.456,    -0.238,     0.787
     0.461,    -0.228,     0.788
     0.465,    -0.218,     0.789
     0.469,    -0.208,     0.790
     0.472,    -0.198,     0.791
     0.476,    -0.188,     0.792
     0.479,    -0.178,     0.793
     0.482,    -0.167,     0.793
     0.485,    -0.157,     0.794
     0.487,    -0.147,     0.795
     0.489,    -0.136,     0.796
     0.491,    -0.126,     0.797
     0.493,    -0.116,     0.798
     0.495,    -0.105,     0.799
     0.496,    -0.095,     0.800
     0.498,    -0.084,     0.800
     0.499,    -0.074,     0.801
     0.499,    -0.063,     0.802
     0.500,    -0.052,     0.803
     0.500,    -0.042,     0.804
     0.500,    -0.031,     0.805
     0.500,    -0.021,     0.806
     0.500,    -0.010,     0.806
     0.500,     0.005,     0.807
     0.498,     0.021,     0.808
     0.495,     0.036,     0.809
     0.491,     0.051,     0.810
     0.487,     0.066,     0.811
     0.483,     0.081,     0.812
     0.478,     0.096,     0.813
     0.473,     0.111,     0.813
     0.468,     0.125,     0.814
     0.461,     0.139,     0.815
     0.455,     0.153,     0.816
     0.448,     0.166,     0.817
     0.441,     0.179,     0.818
     0.433,     0.192,     0.819
     0.425,     0.205,     0.819
     0.417,     0.217,     0.820
     0.408,     0.229,     0.821
     0.399,     0.241,     0.822
     0.389,     0.252,     0.823
     0.380,     0.263,     0.824
     0.370,     0.274,     0.825
     0.359,     0.284,     0.826
     0.349,     0.294,     0.826
     0.338,     0.303,     0.827
     0.327,     0.312,     0.828
     0.315,     0.321,     0.829
     0.304,     0.329,     0.830
     0.292,     0.337,     0.831
     0.280,     0.344,     0.832
     0.268,     0.351,     0.833
     0.255,     0.358,     0.833
     0.243,     0.364,     0.834
     0.230,     0.370,     0.835
     0.218,     0.375,     0.836
     0.205,     0.380,     0.837
     0.192,     0.384,     0.838
     0.179,     0.388,     0.839
     0.166,     0.392,     0.839
     0.153,     0.395,     0.840
     0.140,     0.398,     0.841
     0.126,     0.400,     0.842
     0.113,     0.402,     0.843
     0.100,     0.403,     0.844
     0.087,     0.404,     0.845
     0.074,     0.405,     0.846
     0.061,     0.405,     0.846
     0.048,     0.405,     0.847
     0.035,     0.404,     0.848
     0.022,     0.403,     0.849
     0.010,     0.401,     0.850
    -0.003,     0.399,     0.851
    -0.015,     0.397,     0.852
    -0.028,     0.395,     0.852
    -0.040,     0.391,     0.853
    -0.052,     0.388,     0.854
    -0.064,     0.384,     0.855
    -0.075,     0.380,     0.856
    -0.087,     0.376,     0.857
    -0.098,     0.371,     0.858
    -0.109,     0.366,     0.859
    -0.120,     0.360,     0.859
    -0.130,     0.354,     0.860
    -0.141,     0.348,     0.861
    -0.151,     0.342,     0.862
    -0.160,     0.335,     0.863
    -0.170,     0.328,     0.864
    -0.179,     0.321,     0.865
    -0.188,     0.313,     0.865
    -0.197,     0.305,     0.866
    -0.205,     0.297,     0.867
    -0.213,     0.289,     0.868
    -0.221,     0.281,     0.869
    -0.228,     0.272,     0.870
    -0.235,     0.264,     0.871
    -0.242,     0.255,     0.872
    -0.248,     0.245,     0.872
    -0.255,     0.236,     0.873
    -0.260,     0.227,     0.874
    -0.266,     0.217,     0.875
    -0.271,     0.207,     0.876
    -0.276,     0.198,     0.877
    -0.280,     0.188,     0.878
    -0.284,     0.178,     0.878
    -0.288,     0.168,     0.879
    -0.291,     0.158,     0.880
    -0.294,     0.148,     0.881
    -0.297,     0.138,     0.882
    -0.299,     0.127,     0.883
    -0.301,     0.117,     0.884
    -0.303,     0.107,     0.885
    -0.304,     0.097,     0.885
    -0.305,     0.087,     0.886
    -0.306,     0.077,     0.887
    -0.306,     0.067,     0.888
    -0.306,     0.057,     0.889
    -0.305,     0.047,     0.890
    -0.305,     0.037,     0.891
    -0.304,     0.027,     0.892
    -0.303,     0.017,     0.892
    -0.301,     0.008,     0.893
    -0.299,    -0.001,     0.894
    -0.297,    -0.011,     0.895
    -0.294,    -0.020,     0.896
    -0.292,    -0.029,     0.897
    -0.288,    -0.038,     0.898
    -0.285,    -0.047,     0.898
    -0.282,    -0.055,     0.899
    -0.278,    -0.063,     0.900
    -0.274,    -0.072,     0.901
    -0.269,    -0.080,     0.902
    -0.265,    -0.087,     0.903
    -0.260,    -0.095,     0.904
    -0.255,    -0.102,     0.905
    -0.250,    -0.109,     0.905
    -0.245,    -0.116,     0.906
    -0.239,    -0.123,     0.907
    -0.233,    -0.130,     0.908
    -0.227,    -0.136,     0.909
    -0.221,    -0.142,     0.910
    -0.215,    -0.147,     0.911
    -0.209,    -0.153,     0.911
    -0.202,    -0.158,     0.912
    -0.196,    -0.163,     0.913
    -0.189,    -0.168,     0.914
    -0.182,    -0.172,     0.915
    -0.175,    -0.177,     0.916
    -0.168,    -0.180,     0.917
    -0.161,    -0.184,     0.918
    -0.154,    -0.188,     0.918
    -0.147,    -0.191,     0.919
    -0.140,    -0.194,     0.920
    -0.132,    -0.196,     0.921
    -0.125,    -0.199,     0.922
    -0.118,    -0.201,     0.923
    -0.110,    -0.202,     0.924
    -0.103,    -0.204,     0.924
    -0.096,    -0.205,     0.925
    -0.089,    -0.206,     0.926
    -0.081,    -0.207,     0.927
    -0.074,    -0.208,     0.928
    -0.067,    -0.208,     0.929
    -0.060,    -0.208,     0.930
    -0.053,    -0.208,     0.931
    -0.046,    -0.208,     0.931
    -0.039,    -0.207,     0.932
    -0.032,    -0.206,     0.933
    -0.025,    -0.205,     0.934
    -0.019,    -0.204,     0.935
    -0.012,    -0.202,     0.936
    -0.006,    -0.200,     0.937
     0.000,    -0.198,     0.937
     0.007,    -0.196,     0.938
     0.013,    -0.194,     0.939
     0.019,    -0.192,     0.940
     0.024,    -0.189,     0.941
     0.030,    -0.186,     0.942
     0.035,    -0.183,     0.943
     0.041,    -0.180,     0.944
     0.046,    -0.177,     0.944
     0.051,    -0.173,     0.945
     0.055,    -0.170,     0.946
     0.060,    -0.166,     0.947
     0.064,    -0.162,     0.948
     0.069,    -0.158,     0.949
     0.073,    -0.154,     0.950
     0.077,    -0.150,     0.951
     0.080,    -0.146,     0.951
     0.084,    -0.141,     0.952
     0.087,    -0.137,     0.953
     0.090,    -0.132,     0.954
     0.093,    -0.128,     0.955
     0.096,    -0.123,     0.956
     0.099,    -0.119,     0.957
     0.101,    -0.114,     0.957
     0.103,    -0.109,     0.958
     0.105,    -0.105,     0.959
     0.107,    -0.100,     0.960
     0.108,    -0.095,     0.961
     0.110,    -0.091,     0.962
     0.111,    -0.086,     0.963
     0.112,    -0.081,     0.964
     0.113,    -0.076,     0.964
     0.113,    -0.072,     0.965
     0.114,    -0.067,     0.966
     0.114,    -0.063,     0.967
     0.114,    -0.058,     0.968
     0.114,    -0.054,     0.969
     0.114,    -0.049,     0.970
     0.114,    -0.045,     0.970
     0.113,    -0.041,     0.971
     0.112,    -0.036,     0.972
     0.111,    -0.032,     0.973
     0.110,    -0.028,     0.974
     0.109,    -0.024,     0.975
     0.108,    -0.021,     0.976
     0.107,    -0.017,     0.977
     0.105,    -0.013,     0.977
     0.104,    -0.010,     0.978
     0.102,    -0.006,     0.979
     0.100,    -0.003,     0.980
