     0.336,     0.076,     0.881
     0.146,     0.553,     0.673
     0.046,     0.306,     0.904
     0.395,     0.352,     0.720
     0.368,     0.200,     0.824
    -0.016,     0.478,     0.772
    -0.066,     0.093,     0.987
    -0.154,     0.412,     0.806
     0.123,     0.043,     0.983
     0.135,     0.842,     0.273
    -0.101,     0.602,     0.627
     0.260,     0.600,     0.572
    -0.256,     0.115,     0.921
    -0.349,    -0.053,     0.876
    -0.568,     0.055,     0.675
    -0.407,    -0.234,     0.779
    -0.450,     0.158,     0.772
    -0.036,    -0.152,     0.976
    -0.016,     0.926,     0.143
    -0.175,     0.763,     0.388
     0.435,     0.470,     0.590
     0.564,     0.215,     0.635
     0.646,     0.485,     0.348
    -0.213,     0.915,     0.117
     0.462,    -0.014,     0.786
     0.654,     0.084,     0.565
    -0.803,    -0.237,     0.299
    -0.564,    -0.275,     0.606
    -0.739,    -0.104,     0.444
    -0.748,     0.042,     0.439
    -0.208,    -0.163,     0.930
    -0.672,     0.169,     0.520
    -0.903,    -0.053,     0.182
     0.884,     0.375,     0.078
     0.863,     0.023,     0.255
     0.941,     0.213,     0.069
    -0.167,    -0.462,     0.758
    -0.464,     0.355,     0.659
    -0.792,     0.363,     0.240
    -0.463,     0.470,     0.565
    -0.250,     0.256,     0.872
     0.892,    -0.109,     0.192
     0.786,     0.556,     0.073
    -0.530,     0.833,     0.026
    -0.441,     0.719,     0.289
     0.343,    -0.241,     0.824
     0.113,    -0.257,     0.921
    -0.313,     0.729,     0.371
    -0.635,    -0.574,     0.266
    -0.504,    -0.515,     0.481
    -0.529,    -0.401,     0.560
    -0.021,    -0.397,     0.842
     0.861,    -0.320,     0.156
     0.503,     0.663,     0.307
     0.358,     0.687,     0.400
    -0.402,    -0.755,     0.268
    -0.883,    -0.462,     0.006
    -0.762,     0.597,     0.063
     0.577,    -0.257,     0.602
     0.502,    -0.150,     0.725
    -0.094,     0.273,     0.917
    -0.184,    -0.721,     0.446
    -0.306,    -0.643,     0.494
     0.612,     0.758,     0.052
     0.375,    -0.458,     0.649
     0.472,     0.880,     0.003
     0.164,    -0.414,     0.801
     0.489,    -0.699,     0.272
     0.854,    -0.501,     0.020
     0.688,    -0.600,     0.166
     0.084,    -0.567,     0.671
    -0.478,    -0.869,     0.016
     0.607,    -0.517,     0.363
     0.362,    -0.671,     0.419
    -0.041,    -0.974,     0.049
    -0.028,    -0.788,     0.379
    -0.061,    -0.596,     0.641
     0.155,    -0.740,     0.429
    -0.312,    -0.928,     0.042
     0.380,    -0.910,     0.027
